0 5 7 6 1 1 7 7 0 6 6 7 0 1 5 0 1 1 0 6 3 6 0 0 6 2 1 1 6 1 0 0 3 0 4 3 5 1 0 7 0 4 7 1 0 5 0 1 7 6 1 4 0 4 4 6 7 4 6 5 1 5 4 0 4 7 0 7 1 7 6 7 6 7 4 5 4 0 7 7 4 6 4 4 0 1 4 1 7 6 7 4 6 4 4 4 7 5 1 5
0 5 7 6 1 1 2 7 0 6 6 7 0 1 5 0 1 1 0 6 3 6 0 0 6 2 1 1 6 1 0 0 3 0 4 3 5 1 0 7 0 4 7 1 0 5 0 1 7 6 1 4 0 4 4 6 7 4 6 5 1 5 4 0 4 7 0 7 1 7 6 7 6 7 4 5 4 0 7 7 4 6 4 4 0 1 4 1 7 6 7 4 6 4 4 4 7 5 1 5
0 5 7 6 1 1 7 7 0 6 6 7 0 1 5 0 1 1 0 6 6 6 0 0 6 2 1 1 6 1 0 0 3 0 4 3 5 1 0 7 0 4 7 1 0 5 0 1 7 6 1 4 0 4 4 6 7 4 6 5 1 5 4 0 4 7 0 7 1 7 6 7 6 7 4 5 4 0 7 7 4 6 4 4 0 1 4 1 7 6 7 4 6 4 4 4 7 5 1 5
0 5 7 6 1 1 7 7 0 6 6 7 0 1 5 0 1 1 0 6 8 6 0 0 6 2 1 1 6 1 0 0 3 0 4 3 5 1 0 7 0 4 7 1 0 5 0 1 7 6 1 4 0 4 4 6 7 4 6 5 1 5 4 0 4 7 0 7 1 7 6 7 6 7 4 5 4 0 7 7 4 6 4 4 0 1 4 1 7 6 7 4 6 4 4 4 7 5 1 5
0 5 7 6 1 1 7 7 0 6 6 7 0 1 5 0 1 1 0 6 6 6 0 0 6 2 1 1 6 1 0 0 3 0 4 3 5 1 0 7 0 4 7 1 0 5 0 1 7 6 1 4 0 4 4 6 7 4 6 5 1 5 4 0 4 7 0 7 1 7 6 7 6 7 4 5 4 0 7 7 4 6 4 4 0 1 4 1 7 6 7 4 6 4 4 4 7 5 1 5
0 5 7 6 1 1 7 7 0 6 6 7 0 1 5 0 1 1 0 6 6 6 0 0 6 2 1 1 6 1 0 0 3 0 4 3 5 1 0 7 0 4 7 1 0 5 0 1 7 6 1 4 0 4 4 6 7 4 6 5 1 5 4 0 4 7 0 7 1 7 6 7 6 7 4 5 4 0 7 7 4 6 4 4 0 1 4 1 7 6 7 4 6 4 4 4 7 5 1 5
0 5 7 6 1 1 7 7 0 6 6 7 0 1 5 0 1 1 0 6 1 6 0 0 6 2 1 1 6 1 0 0 3 0 4 3 5 1 0 7 0 4 7 1 0 5 0 1 7 6 1 4 0 4 4 6 7 4 6 5 1 5 4 0 4 7 0 7 1 7 6 7 6 7 4 5 4 0 7 7 4 6 4 4 0 1 4 1 7 6 7 4 6 4 4 4 7 5 1 5
0 5 7 6 1 1 7 7 0 6 6 7 0 1 5 0 1 1 0 6 1 6 0 0 6 2 1 1 6 1 0 0 3 0 4 3 5 1 0 7 0 4 7 1 0 5 0 1 7 6 1 4 0 4 4 6 7 4 6 5 1 5 4 0 4 7 0 7 1 7 6 7 6 7 4 5 4 0 7 7 4 6 4 4 0 1 4 1 7 6 7 4 6 4 4 4 7 5 1 5
0 5 7 6 1 1 7 7 0 6 6 7 0 1 5 0 1 1 0 6 1 6 0 0 6 2 1 1 6 1 0 0 3 0 4 3 5 1 0 7 0 4 7 1 0 5 0 1 7 6 1 4 0 4 4 6 7 4 6 5 1 5 4 0 4 7 0 7 1 7 6 7 6 7 4 5 4 0 7 7 4 6 4 4 0 1 4 1 7 6 7 4 6 4 4 4 7 5 1 5
0 5 7 6 1 1 7 7 0 6 6 7 0 1 5 0 1 1 0 6 3 6 0 0 6 2 1 1 6 1 0 0 3 0 4 3 5 1 0 7 0 4 7 1 0 5 0 1 7 6 1 4 0 4 4 6 7 4 6 5 1 5 4 0 4 7 0 7 1 7 6 7 6 7 4 5 4 0 7 7 4 6 4 4 0 1 4 1 7 6 7 4 6 4 4 4 7 5 1 5
0 5 7 6 1 1 7 7 0 6 6 7 0 1 5 0 1 1 0 6 3 6 0 0 6 2 1 1 6 1 0 0 3 0 4 3 5 1 0 7 0 4 7 1 0 5 0 1 7 6 1 4 0 4 4 6 7 4 6 5 1 5 4 0 4 7 0 7 1 7 6 7 6 7 4 5 4 0 7 7 4 6 4 4 0 1 4 1 7 6 7 4 6 4 4 4 7 5 1 5
0 5 7 6 1 1 7 7 0 6 6 7 0 1 5 0 1 1 0 6 3 6 0 0 6 2 1 1 6 1 0 0 3 0 4 3 5 1 0 7 0 4 7 1 0 5 0 1 7 6 1 4 0 4 4 6 7 4 6 5 1 5 4 0 4 7 0 7 1 7 6 7 6 7 4 5 4 0 7 7 4 6 4 4 0 1 4 1 7 6 7 4 6 4 4 4 7 5 1 5
0 5 7 6 1 1 7 7 0 6 6 7 0 1 5 0 1 1 0 6 3 6 0 0 6 2 1 1 6 1 0 0 3 0 4 3 5 1 0 7 0 4 7 1 0 5 0 1 7 6 1 4 0 4 4 6 7 4 6 5 1 5 4 0 4 7 0 7 1 7 6 7 6 7 4 5 4 0 7 7 4 6 4 4 0 1 4 1 7 6 7 4 6 4 4 4 7 5 1 5
0 5 7 6 1 1 7 7 0 6 6 7 0 1 5 0 1 1 0 6 3 6 0 0 6 2 1 1 6 1 0 0 3 0 4 3 5 1 0 7 0 4 7 1 0 5 0 1 7 6 1 4 0 4 4 6 7 4 6 5 1 5 4 0 4 7 0 7 1 7 6 7 6 7 4 5 4 0 7 7 4 6 4 4 0 1 4 1 7 6 7 4 6 4 4 4 7 5 1 5
0 5 7 6 1 1 7 7 0 6 6 7 0 1 5 0 1 1 0 6 3 6 0 0 6 2 1 1 6 1 0 0 3 0 4 3 5 1 0 7 0 4 7 1 0 5 0 1 7 6 1 4 0 4 4 6 7 4 6 5 1 5 4 0 4 7 0 7 1 7 6 7 6 7 4 5 4 0 7 7 4 6 4 4 0 1 4 1 7 6 7 4 6 4 4 4 7 5 1 5
0 5 7 6 1 1 2 7 0 6 6 7 0 1 5 0 1 1 0 6 3 6 0 0 6 2 1 1 6 1 0 0 3 0 4 3 5 1 0 7 0 4 7 1 0 5 0 1 7 6 1 4 0 4 4 6 7 4 6 5 1 5 4 0 4 7 0 7 1 7 6 7 6 7 4 5 4 0 7 7 4 6 4 4 0 1 4 1 7 6 7 4 6 4 4 4 7 5 1 5
0 5 7 6 1 1 7 7 0 6 6 7 0 1 5 0 1 1 0 6 3 6 0 0 6 2 1 1 6 1 0 0 3 0 4 3 5 1 0 7 0 4 7 1 0 5 0 1 7 6 1 4 0 4 4 6 7 4 6 5 1 5 4 0 4 7 0 7 1 7 6 7 6 7 4 5 4 0 7 7 4 6 4 4 0 1 4 1 7 6 7 4 6 4 4 4 7 5 1 5
0 5 7 6 1 1 7 7 0 6 6 7 0 1 5 0 1 1 0 6 3 6 0 0 6 2 1 1 6 1 0 0 3 0 4 3 5 1 0 7 0 4 7 1 0 5 0 1 7 6 1 4 0 4 4 6 7 4 6 5 1 5 4 0 4 7 0 7 1 7 6 7 6 7 4 5 4 0 7 7 4 6 4 4 0 1 4 1 7 6 7 4 6 4 4 4 7 5 1 5
0 5 7 6 1 1 7 7 0 6 6 7 0 1 5 0 1 1 0 6 3 6 0 0 6 2 1 1 6 1 0 0 3 0 4 3 5 1 0 7 0 4 7 1 0 5 0 1 7 6 1 4 0 4 4 6 7 4 6 5 1 5 4 0 4 7 0 7 1 7 6 7 6 7 4 5 4 0 7 7 4 6 4 4 0 1 4 1 7 6 7 4 6 4 4 4 7 5 1 5
0 5 7 6 1 1 7 7 0 6 6 7 0 1 5 0 1 1 0 6 3 6 0 0 6 2 1 1 6 1 0 0 3 0 4 3 5 1 0 7 0 4 7 1 0 5 0 1 2 6 1 4 0 4 4 6 7 4 6 5 1 5 4 0 4 7 0 7 1 7 6 7 6 7 4 5 4 0 7 7 4 6 4 4 0 1 4 1 7 6 7 4 6 4 4 4 7 5 1 5
0 5 7 6 1 1 7 7 0 6 6 7 0 1 5 0 1 1 0 6 3 6 0 0 6 2 1 1 6 1 0 0 3 0 4 3 5 1 0 7 0 4 7 1 0 5 0 1 7 6 1 4 0 4 4 6 7 4 6 5 1 5 4 0 4 7 0 7 1 7 6 7 6 7 4 5 4 0 7 7 4 6 4 4 0 1 4 1 7 6 7 4 6 4 4 4 7 5 1 5
0 5 7 6 1 1 7 7 0 6 6 7 0 1 5 0 1 1 0 6 3 6 0 0 6 2 1 1 6 1 0 0 3 0 4 3 5 1 0 7 0 4 7 1 0 5 0 1 7 6 1 4 0 4 4 6 7 4 6 5 1 5 4 0 4 7 0 7 1 7 6 7 6 7 4 5 4 0 7 7 4 6 4 4 0 1 4 1 7 6 7 4 6 4 4 4 7 5 1 5
0 5 7 6 1 1 7 7 0 6 6 7 0 1 5 0 1 1 0 6 3 6 0 0 6 2 1 1 6 1 0 0 3 0 4 3 5 1 0 7 0 4 7 1 0 5 0 1 7 6 1 4 0 4 4 6 7 4 6 5 1 5 4 0 4 7 0 7 1 7 6 7 6 7 4 5 4 0 7 7 4 6 4 4 0 1 4 1 7 6 7 4 6 4 4 4 7 5 1 5
0 5 7 6 1 1 7 7 0 6 6 7 0 1 5 0 1 1 0 6 3 6 0 0 6 2 1 1 6 1 0 0 3 0 4 3 5 1 0 7 0 4 7 1 0 5 0 1 7 6 1 4 0 4 4 6 7 4 6 5 1 5 4 0 4 7 0 7 1 7 6 7 6 7 4 5 4 0 7 7 4 6 4 4 0 1 4 1 7 6 7 4 6 4 4 4 7 5 1 5
0 5 7 6 1 1 7 7 0 6 6 7 0 1 5 0 1 1 0 6 6 6 0 0 6 2 1 1 6 1 0 0 3 0 4 3 5 1 0 7 0 4 7 1 0 5 0 1 7 6 1 4 0 4 4 6 7 4 6 5 1 5 4 0 4 7 0 7 1 7 6 7 6 7 4 5 4 0 7 7 4 6 4 4 0 1 4 1 7 6 7 4 6 4 4 4 7 5 1 5
0 5 7 6 1 1 7 7 0 6 6 7 0 1 5 0 1 1 0 6 6 6 0 0 6 2 1 1 6 1 0 0 3 0 4 3 5 1 0 7 0 4 7 1 0 5 0 1 7 6 1 4 0 4 4 6 7 4 6 5 1 5 4 0 4 7 0 7 1 7 6 7 6 7 4 5 4 0 7 7 4 6 4 4 0 1 4 1 7 6 7 4 6 4 4 4 7 5 1 5
0 5 7 6 1 1 7 7 0 6 6 7 0 1 5 0 1 1 0 6 8 6 0 0 6 2 1 1 6 1 0 0 3 0 4 3 5 1 0 7 0 4 7 1 0 5 0 1 7 6 1 4 0 4 4 6 7 4 6 5 1 5 4 0 4 7 0 7 1 7 6 7 6 7 4 5 4 0 7 7 4 6 4 4 0 1 4 1 7 6 7 4 6 4 4 4 7 5 1 5
0 5 7 6 1 1 7 7 0 6 6 7 0 1 5 0 1 1 0 6 6 6 0 0 6 2 1 1 6 1 0 0 3 0 4 3 5 1 0 7 0 4 7 1 0 5 0 1 7 6 1 4 0 4 4 6 7 4 6 5 1 5 4 0 4 7 0 7 1 7 6 7 6 7 4 5 4 0 7 7 4 6 4 4 0 1 4 1 7 6 7 4 6 4 4 4 7 5 1 5
0 5 7 6 1 1 7 7 0 6 6 7 0 1 5 0 1 1 0 6 6 6 0 0 6 2 1 1 6 1 0 0 3 0 4 3 5 1 0 7 0 4 7 1 0 5 0 1 7 6 1 4 0 4 4 6 7 4 6 5 1 5 4 0 4 7 0 7 1 7 6 7 6 7 4 5 4 0 7 7 4 6 4 4 0 1 4 1 7 6 7 4 6 4 4 4 7 5 1 5
0 5 7 6 1 1 7 7 0 6 6 7 0 1 5 0 1 1 0 6 6 6 0 0 6 2 1 1 6 1 0 0 3 0 4 3 5 1 0 7 0 4 7 1 0 5 0 1 7 6 1 4 0 4 4 6 7 4 6 5 1 5 4 0 4 7 0 7 1 7 6 7 6 7 4 5 4 0 7 7 4 6 4 4 0 1 4 1 7 6 7 4 6 4 4 4 7 5 1 5
0 5 7 6 1 1 7 7 0 6 6 7 0 1 5 0 1 1 0 6 1 6 0 0 6 2 1 1 6 1 0 0 3 0 4 3 5 1 0 7 0 4 7 1 0 5 0 1 7 6 1 4 0 4 4 6 7 4 6 5 1 5 4 0 4 7 0 7 1 7 6 7 6 7 4 5 4 0 7 7 4 6 4 4 0 1 4 1 7 6 7 4 6 4 4 4 7 5 1 5
0 5 7 6 1 1 7 7 0 6 6 7 0 1 5 0 1 1 0 6 3 6 0 0 6 2 1 1 6 1 0 0 3 0 4 3 5 1 0 7 0 4 7 1 0 5 0 1 7 6 1 4 0 4 4 6 7 4 6 5 1 5 4 0 4 7 0 7 1 7 6 7 6 7 4 5 4 0 7 7 4 6 4 4 0 1 4 1 7 6 7 4 6 4 4 4 7 5 1 5
0 5 7 6 1 1 7 7 0 6 6 7 0 1 5 0 1 1 0 6 3 6 0 0 6 2 1 1 6 1 0 0 3 0 4 3 5 1 0 7 0 4 7 1 0 5 0 1 7 6 1 4 0 4 4 6 7 4 6 5 1 5 4 0 4 7 0 7 1 7 6 7 6 7 4 5 4 0 7 7 4 6 4 4 0 1 4 1 7 6 7 4 6 4 4 4 7 5 1 5
0 5 7 6 1 1 7 7 0 6 6 7 0 1 5 0 1 1 0 6 3 6 0 0 6 2 1 1 6 1 0 0 3 0 4 3 5 1 0 7 0 4 7 1 0 5 0 1 7 6 1 4 0 4 4 6 7 4 6 5 1 5 4 0 4 7 0 7 1 7 6 7 6 7 4 5 4 0 7 7 4 6 4 4 0 1 4 1 7 6 7 4 6 4 4 4 7 5 1 5
0 5 7 6 1 1 7 7 0 6 6 7 0 1 5 0 1 1 0 6 3 6 0 0 6 2 1 1 6 1 0 0 3 0 4 3 5 1 0 7 0 4 7 1 0 5 0 1 7 6 1 4 0 4 4 6 7 4 6 5 1 5 4 0 4 7 0 7 1 7 6 7 6 7 4 5 4 0 7 7 4 6 4 4 0 1 4 1 7 6 7 4 6 4 4 4 7 5 1 5
0 5 7 6 1 1 7 7 0 6 6 7 0 1 5 0 1 1 0 6 3 6 0 0 6 2 1 1 6 1 0 0 3 0 4 3 5 1 0 7 0 4 7 1 0 5 0 1 7 6 1 4 0 4 4 6 7 4 6 5 1 5 4 0 4 7 0 7 1 7 6 7 6 7 4 5 4 0 7 7 4 6 4 4 0 1 4 1 7 6 7 4 6 4 4 4 7 5 1 5
0 5 7 6 1 1 7 7 0 6 6 7 0 1 5 0 1 1 0 6 3 6 0 0 6 2 1 1 6 1 0 0 3 0 4 3 5 1 0 7 0 4 7 1 0 5 0 1 7 6 1 4 0 4 4 6 7 4 6 5 1 5 4 0 4 7 0 7 1 7 6 7 6 7 4 5 4 0 7 7 4 6 4 4 0 1 4 1 7 6 7 4 6 4 4 4 7 5 1 5
0 5 7 6 1 1 7 7 0 6 6 7 0 1 5 0 1 1 0 6 1 6 0 0 6 2 1 1 6 1 0 0 3 0 4 3 5 1 0 7 0 4 7 1 0 5 0 1 7 6 1 4 0 4 4 6 7 4 6 5 1 5 4 0 4 7 0 7 1 7 6 7 6 7 4 5 4 0 7 7 4 6 4 4 0 1 4 1 7 6 7 4 6 4 4 4 7 5 1 5
0 5 7 6 1 1 7 7 0 6 6 7 0 1 5 0 1 1 0 6 6 6 0 0 6 2 1 1 6 1 0 0 3 0 4 3 5 1 0 7 0 4 7 1 0 5 0 1 7 6 1 4 0 4 4 6 7 4 6 5 1 5 4 0 4 7 0 7 1 7 6 7 6 7 4 5 4 0 7 7 4 6 4 4 0 1 4 1 7 6 7 4 6 4 4 4 7 5 1 5
0 5 7 6 1 1 7 7 0 6 6 7 0 1 5 0 1 1 0 6 6 6 0 0 6 2 1 1 6 1 0 0 3 0 4 3 5 1 0 7 0 4 7 1 0 5 0 1 7 6 1 4 0 4 4 6 7 4 6 5 1 5 4 0 4 7 0 7 1 7 6 7 6 7 4 5 4 0 7 7 4 6 4 4 0 1 4 1 7 6 7 4 6 4 4 4 7 5 1 5
0 5 7 6 1 1 7 7 0 6 6 7 0 1 5 0 1 1 0 6 6 6 0 0 6 2 1 1 6 1 0 0 3 0 4 3 5 1 0 7 0 4 7 1 0 5 0 1 7 6 1 4 0 4 4 6 7 4 6 5 1 5 4 0 4 7 0 7 1 7 6 7 6 7 4 5 4 0 7 7 4 6 4 4 0 1 4 1 7 6 7 4 6 4 4 4 7 5 1 5
0 5 7 6 1 1 7 7 0 6 6 7 0 1 5 0 1 1 0 6 8 6 0 0 6 2 1 1 6 1 0 0 3 0 4 3 5 1 0 7 0 4 7 1 0 5 0 1 7 6 1 4 0 4 4 6 7 4 6 5 1 5 4 0 4 7 0 7 1 7 6 7 6 7 4 5 4 0 7 7 4 6 4 4 0 1 4 1 7 6 7 4 6 4 4 4 7 5 1 5
0 5 7 6 1 1 7 7 0 6 6 7 0 1 5 0 1 1 0 6 8 6 0 0 6 2 1 1 6 1 0 0 3 0 4 3 5 1 0 7 0 4 7 1 0 5 0 1 7 6 1 4 0 4 4 6 7 4 6 5 1 5 4 0 4 7 0 7 1 7 6 7 6 7 4 5 4 0 7 7 4 6 4 4 0 1 4 1 7 6 7 4 6 4 4 4 7 5 1 5
0 5 7 6 1 1 7 7 0 6 6 7 0 1 5 0 1 1 0 6 8 6 0 0 6 2 1 1 6 1 0 0 3 0 4 3 5 1 0 7 0 4 7 1 0 5 0 1 7 6 1 4 0 4 4 6 7 4 6 5 1 5 4 0 4 7 0 7 1 7 6 7 6 7 4 5 4 0 7 7 4 6 4 4 0 1 4 1 7 6 7 4 6 4 4 4 7 5 1 5
0 5 7 6 1 1 7 7 0 6 6 7 0 1 5 0 1 1 0 6 8 6 0 0 6 2 1 1 6 1 0 0 3 0 4 3 5 1 0 7 0 4 7 1 0 5 0 1 7 6 1 4 0 4 4 6 7 4 6 5 1 5 4 0 4 7 0 7 1 7 6 7 6 7 4 5 4 0 7 7 4 6 4 4 0 1 4 1 7 6 7 4 6 4 4 4 7 5 1 5
0 5 7 6 1 1 7 7 0 6 6 7 0 1 5 0 1 1 0 6 8 6 0 0 6 2 1 1 6 1 0 0 3 0 4 3 5 1 0 7 0 4 7 1 0 5 0 1 7 6 1 4 0 4 4 6 7 4 6 5 1 5 4 0 4 7 0 7 1 7 6 7 6 7 4 5 4 0 7 7 4 6 4 4 0 1 4 1 7 6 7 4 6 4 4 4 7 5 1 5
0 5 7 6 1 1 7 7 0 6 6 7 0 1 5 0 1 1 0 6 8 6 0 0 6 2 1 1 6 1 0 0 3 0 4 3 5 1 0 7 0 4 7 1 0 5 0 1 7 6 1 4 0 4 4 6 7 4 6 5 1 5 4 0 4 7 0 7 1 7 6 7 6 7 4 5 4 0 7 7 4 6 4 4 0 1 4 1 7 6 7 4 6 4 4 4 7 5 1 5
0 5 7 6 1 1 7 7 0 6 6 7 0 1 5 0 1 1 0 6 8 6 0 0 6 2 1 1 6 1 0 0 3 0 4 3 5 1 0 7 0 4 7 1 0 5 0 1 7 6 1 4 0 4 4 6 7 4 6 5 1 5 4 0 4 7 0 7 1 7 6 7 6 7 4 5 4 0 7 7 4 6 4 4 0 1 4 1 7 6 7 4 6 4 4 4 7 5 1 5
0 5 7 6 1 1 7 7 0 6 6 7 0 1 5 0 1 1 0 6 8 6 0 0 6 2 1 1 6 1 0 0 3 0 4 3 5 1 0 7 0 4 7 1 0 5 0 1 7 6 1 4 0 4 4 6 7 4 6 5 1 5 4 0 4 7 0 7 1 7 6 7 6 7 4 5 4 0 7 7 4 6 4 4 0 1 4 1 7 6 7 4 6 4 4 4 7 5 1 5
