-1905.966373060127 -1435.282237941779 0.0429845615545371 0.24006180886123574
-1894.4788648697051 -1446.812114159057 0.04277125282963978 0.22418263092670032
-1932.2064868873133 -1447.0823399330334 0.04741059473803862 0.20207822761389804
-1941.3040935771435 -1448.1230669858971 0.04336705444855019 0.20948343758491988
-1907.0746082715816 -1456.0260247321728 0.04001799913386768 0.22504598508880097
-1935.258092840418 -1438.0331961626634 0.04769441207911788 0.21429163954575514
-1915.1148124728052 -1444.1947311828292 0.038335063715808665 0.21890441367418007
-1947.7746258233685 -1446.1883138406608 0.044769707417081195 0.2087886306612557
-1934.9150388876676 -1438.4795494195332 0.039091440159700126 0.23732457221622916
-1960.6903810482709 -1448.7551174637815 0.04180593365309824 0.2309363050051088
-1927.521881082682 -1454.4805351738448 0.04389200328027357 0.206343663273849
-1917.3694061544663 -1448.2346784208785 0.04037725900935583 0.22263024891059524
-1917.0075723118143 -1438.872927189883 0.040131995086218925 0.22149949981172606
-1939.527740057742 -1448.0777152719602 0.04382046816080541 0.18825653148393096
-1902.0311354768314 -1447.5339251359874 0.0401000231870998 0.20715694804294715
-1870.7212855444361 -1452.7182706670003 0.044230008159058164 0.21855252411943962
-1894.2176602542952 -1448.4140719722548 0.03485384041795459 0.2185915854656033
-1967.5949507728926 -1442.9387123041506 0.04194261047838487 0.20285494898960138
-1930.2353639269143 -1446.424281837821 0.03745673137703202 0.22480725127913903
-1905.7058342474438 -1449.8240300967364 0.04362228208353673 0.2153555273663728
-1954.5937409577598 -1438.0042475094547 0.04565897958200686 0.2134268776349988
-1920.4787176385962 -1442.5921837914361 0.03794496206271936 0.22167841395076793
-1919.0298834429204 -1436.6695364284474 0.046002238234570975 0.2086846319356743
-1926.4923849191139 -1440.1297760173688 0.03953246495046778 0.2035620476631521
-1900.873069552751 -1435.935451771599 0.04350247383855075 0.20466311151833844
-1913.8693266460825 -1443.0747931915823 0.048460683320620264 0.22212539508575663
-1917.3677100603404 -1438.4220802305147 0.04416611801440362 0.2122346487457214
-1911.7226032874526 -1452.5562141716578 0.05136435709030166 0.23959263943485926
-1920.1082243885462 -1451.2101802712905 0.04254677173655438 0.21498462495510867
-1901.4623402583893 -1445.3070368435306 0.04041560237468792 0.22753475307186438
-1933.0147771417048 -1445.3346939509477 0.044711504248109164 0.2232043709822872
-1917.069179759474 -1442.3988031771933 0.038344543962609993 0.25798328496560863
-1910.9498678113769 -1447.8497935475023 0.038653848405274846 0.2106867198272639
-1914.4793570503825 -1443.211455985308 0.045152550348143417 0.23595775283295706
-1970.1296345870687 -1452.5791975692603 0.049181218115649336 0.2436935756794459
-1941.003607952497 -1446.424812487219 0.04482126676575312 0.22873512467163037
-1914.6844620557226 -1450.952345953646 0.044776127716948444 0.2353016670245945
-1965.3905804474484 -1438.7922778432587 0.046291072890288824 0.21282767931199692
-1916.903402268027 -1445.6090367040156 0.03730311630882768 0.20329817218300122
-1943.0574170008301 -1441.6105985363972 0.04632626469261917 0.22767068571918034
-1936.7135640077909 -1446.3138017165754 0.042738311542014754 0.23487874828225203
-1934.6505938024973 -1442.005700564603 0.04760646316142856 0.2162564062495116
-1914.6500295393953 -1437.5210082149226 0.046331557851526324 0.2008724099985877
-1925.699810517371 -1448.732032399063 0.04297460047946607 0.23334300314336093
-1948.4994686261807 -1442.539193758386 0.0378730022140756 0.21825823963268473
-1913.3278180530588 -1445.1744829569539 0.04737727494659864 0.222649948311116
-1952.654164980939 -1419.9279992785312 0.03852746668189497 0.23213172942886073
-1902.9630457750618 -1449.7273496209043 0.038155179995803055 0.23587950456141166
-1905.9134110864413 -1439.8693325727002 0.038249773977493004 0.21571508973373743
