-1919.8206337073175 -1438.6565429356044 0.04591627536584028 0.22810823744885406
-1896.6551627607782 -1449.1057685216388 0.038214730129223266 0.2212753682682183
-1925.7074717922537 -1453.817365429613 0.036790087477994254 0.2271585122041118
-1895.8721593996468 -1419.7877950129096 0.03937047459814605 0.22810078181834398
-1955.496817001957 -1445.4969336320898 0.04151287111084488 0.2109506061127502
-1945.3912110798613 -1444.955530614399 0.050859578008923725 0.24589148743651917
-1895.1324727194167 -1447.117966339749 0.04408702708277251 0.24984381210094903
-1897.349535313569 -1445.1810700000735 0.0454142079938893 0.22744100118535698
-1912.9009305141406 -1452.1821936200681 0.04381699401668996 0.25107674836660787
-1951.8094188335656 -1444.8357296080615 0.039416710948466396 0.19456473999695412
-1924.573018453522 -1439.3360771016423 0.045087886908473256 0.20885112751813623
-1906.3178260898746 -1445.4434566092932 0.04610528030713704 0.23853764528872598
-1907.5608862895645 -1441.3265195994422 0.04261702541141644 0.24801053835357717
-1951.2428500975282 -1447.968425552262 0.0489709675679769 0.22767194170306118
-1946.5406192956693 -1453.4614857721465 0.036233831639242105 0.23650414561849958
-1928.7060094189312 -1447.9631019166286 0.04113810815729251 0.22103074463188677
-1916.0200879835202 -1441.1419898921388 0.04407298350229335 0.19644686585904714
-1925.93290565519 -1450.6870107259615 0.04777327902926109 0.20896698772975386
-1919.9388434071184 -1458.3596867986896 0.04018350052243902 0.22823279114850273
-1951.4554731462813 -1448.3878247917805 0.04393656292594386 0.24032015184682642
-1895.7300567564623 -1452.1042268276278 0.044837482697377785 0.21190822663291517
-1946.1917534549816 -1434.831590893874 0.04007942956968571 0.2229508578787479
-1899.9880042717489 -1437.972575356748 0.044751908169364536 0.2367362248697477
-1933.0398797413814 -1448.3271548293271 0.04118598378973231 0.194896607940016
-1952.5826050274934 -1450.595567505077 0.04448209585909448 0.24067173464093267
-1946.2318757800354 -1447.8589412327774 0.04370687053047396 0.20989190485537268
-1917.1620166375274 -1428.4284615703236 0.042815951817508996 0.2139494641739705
-1909.4291209140997 -1433.1542289942663 0.044440207027945856 0.23316762801788374
-1925.3709352188353 -1448.80962936496 0.047844506528878956 0.21121576277417517
-1959.0328062989404 -1454.7473878570372 0.039445255010299385 0.20273352104387266
-1936.6947619741327 -1445.814866087543 0.04257447577535641 0.24400394279015114
-1945.6576768132309 -1447.4520054278669 0.045808276875684624 0.24733957241835533
-1933.0389927451602 -1441.7665778244532 0.04206783321439226 0.22759178349831088
-1886.0045107704166 -1433.9916517635772 0.042462148474065854 0.216221161523992
-1941.8179060561906 -1447.6573944303059 0.047630897170878025 0.2136734794707466
-1891.3412793768216 -1441.726753874692 0.042472712274777606 0.20610795163766582
-1942.6614879880265 -1445.5537258633233 0.04256549738623408 0.22326968021593863
-1947.8247299273542 -1458.2214607326425 0.038435352541221976 0.21929293584134785
-1909.8769699659342 -1442.7131677569548 0.04141797861974823 0.2110242285446996
-1927.9251832368045 -1445.6627712446762 0.04835524530150918 0.20044460456434296
-1924.2933911206662 -1442.4778178759204 0.04117439847796479 0.19925105045023012
-1899.6872562764602 -1419.6189460773187 0.04316654135302175 0.1967078836898174
-1915.229168011228 -1420.9377163824754 0.038276395263170636 0.22906021064447685
-1912.951585371361 -1429.9201605161227 0.039007081467492946 0.21352342334265273
-1949.9301502546907 -1417.9191437894544 0.045399701872475724 0.2089362158821338
-1936.4915874009978 -1423.5709070116857 0.040958256230899055 0.24857070400770426
-1919.5748360106452 -1424.5762027135593 0.042782923325417575 0.21326742049638808
-1939.878380076733 -1417.7329749950634 0.03897025299445722 0.23452343182441737
-1917.9763674111186 -1415.0992128570526 0.04479210048585454 0.20555241169687216
