// Clonal Tree
digraph {
	0 [label=N]
	1 [label="3 8 12 40 49 66 68 72 79 80 89 91 97"]
	0 -> 1
	2 [label=1]
	1 -> 2
	3 [label="84 92"]
	2 -> 3
	4 [label=43]
	3 -> 4
	5 [label="75 99"]
	4 -> 5
	6 [label=18]
	5 -> 6
	7 [label="55 96 54 42 52 58 63 81 83 94 95 77 70 35"]
	6 -> 7
	8 [label=39]
	5 -> 8
	9 [label=41]
	8 -> 9
	10 [label="57 28 27 5 6 14 18 30 38 48 51 61 69 86 88 17 44"]
	9 -> 10
	11 [label=24]
	1 -> 11
	12 [label="59 71 82 11 22 33 36 62 93 21 24 78 87"]
	11 -> 12
	13 [label=47]
	12 -> 13
	14 [label=2]
	13 -> 14
	15 [label="4 10 20 29 50 56 73 46 98 100 76 60 2 90 15"]
	14 -> 15
}
