-1962.4600512312115 -1487.1549726045823 0.04865098450528944 0.22131242962850334
-1913.848764586267 -1492.0766486420007 0.04723673299445647 0.23438743171992238
-1936.582561931904 -1487.8110860831014 0.04990435229852739 0.22671577360854972
-1919.2342001940601 -1493.332502255631 0.04805275030233797 0.20239728281086364
-1939.105209754461 -1486.7897926275616 0.04540323108288821 0.24335059262449743
-1937.5415776254054 -1490.9480730543355 0.04656202335110441 0.22909358927622125
-1969.8569828660145 -1488.9795268489584 0.047632783052726224 0.21103859340408115
-1933.6059287638136 -1486.372255137268 0.04633430283082863 0.2064616104988686
-1935.9602941670555 -1488.310389105783 0.04420052772769515 0.2443020057509939
-1951.0332385078111 -1488.8528107718998 0.04826641032196338 0.24758182817202207
-1921.3709900472322 -1441.99361244509 0.039683338213865466 0.23690540820190653
-1954.2316214532232 -1438.565245814223 0.04255711914310615 0.18632174149128808
-1896.8964352629268 -1449.1090567500294 0.048126264881950855 0.21637534113339424
-1918.2470532954321 -1444.0098379134145 0.0387575149180382 0.21382928619952968
-1925.7214440252994 -1445.5015084121023 0.03781330638102321 0.25208272817443483
-1940.393814822132 -1439.0602176635905 0.04265694485020515 0.2231100029836707
-1903.414213581293 -1440.3412367813946 0.045315386342257014 0.23129018741459553
-1924.313002397769 -1446.4426881701934 0.04104999524296651 0.20740903005263267
-1935.3408214083163 -1435.8782663242735 0.04279621589763535 0.22738265694586052
-1898.4282562484009 -1440.3421714147296 0.039907602331645795 0.20644412991026467
-1902.998065180231 -1450.0780631036985 0.039823132456487526 0.20528981335441346
-1886.2947259923521 -1441.5630462371034 0.0414151595444557 0.22689762142039713
-1898.1407001798943 -1446.193919656495 0.04750399502475341 0.21180074765414292
-1888.7544238372411 -1439.580059387668 0.04306426990760429 0.2138849548786898
-1918.2675455674319 -1443.539096298916 0.038989821220967 0.20046257447279237
-1903.3090421860206 -1438.6623084656578 0.0395319723822569 0.23717964269629932
-1939.2465446607505 -1451.9475412945953 0.03629049182992232 0.23262678821031518
-1925.6379164312611 -1444.5366168359062 0.04583995648939942 0.19889607911766854
-1910.406929452737 -1448.076373979018 0.05256744761889424 0.20493502835061206
-1889.282012121272 -1448.95940304145 0.047836154270326746 0.21878399480280517
-1933.06889990179 -1442.8238328849432 0.04592097988225668 0.21991028890415726
-1906.6894339606936 -1437.958517732694 0.0420570396330752 0.2163755818580323
-1913.1608292897379 -1449.0047915920793 0.040703801011386986 0.22837724926516456
-1955.158282893029 -1456.8416579587833 0.04157578068257026 0.21719295890861867
-1924.5081558215052 -1444.617453269567 0.0465650107559679 0.22562740926543912
-1896.3462348361575 -1446.6380593312058 0.036009218823389644 0.22892998313298085
-1926.7395820102904 -1447.6815600107839 0.044173001071222226 0.2413239804450536
-1929.0551560037688 -1444.1415202805674 0.04861150677509081 0.24967271703129587
-1919.5801515154883 -1448.0698987221288 0.04509380455800604 0.18998890477916172
-1905.556043798978 -1445.0528895507725 0.040205817871775275 0.23416603667796917
-1934.861384489735 -1460.381618011646 0.041951907370568906 0.22939018456404697
-1925.0378490500577 -1443.0006860162696 0.041399105095915927 0.20830612504459128
-1897.540504726177 -1441.5605381651865 0.045551018988360774 0.21668925473334588
-1926.3356160935236 -1448.117208593798 0.048990661339494986 0.23604532088132868
-1907.1138733686637 -1443.6665116818021 0.04107428889824511 0.22628580204051882
-1915.1693295995294 -1438.245710262247 0.04168082994460335 0.20106625010022244
-1902.4899706008882 -1444.6621730185736 0.039049200461501746 0.21378513688301465
-1919.8958388633766 -1440.8773336184893 0.04630853820571379 0.22187925953675108
-1936.2077313334437 -1442.052477387438 0.04162854486142408 0.2134476715536265
