$g
IGRAPH 84730c6 D--- 19 18 -- 
+ edges from 84730c6:
 [1] 15-> 2 12-> 3 19-> 4 16-> 5 11-> 6  6-> 7  4-> 8  1-> 9 18->10
[10] 19->11  8->12  5->13  1->14 16->15  9->16 18->17 11->18  1->19

$clones
$clones[[1]]
 [1]  9 13 19 21 23 24 39 41 64 67 85

$clones[[2]]
[1]   2  15  37  46  60  62  76  98 100

$clones[[3]]
[1]  8 97

$clones[[4]]
[1]  1 16

$clones[[5]]
[1] 10 20 22 50 56 59 71 73 93

$clones[[6]]
[1] 32 47

$clones[[7]]
 [1]  5  6 14 17 18 27 28 30 38 44 45 48 51 61 69 86 88 99

$clones[[8]]
[1] 26 49

$clones[[9]]
[1] 34 53 77 83

$clones[[10]]
[1] 55 96

$clones[[11]]
[1] 63

$clones[[12]]
 [1]  3  7 12 40 43 57 66 68 70 72 74 79 80 89 91

$clones[[13]]
[1] 29 36 78

$clones[[14]]
[1] 31 33 81

$clones[[15]]
[1]  4 11 82

$clones[[16]]
[1] 25 90

$clones[[17]]
[1] 35 92

$clones[[18]]
 [1] 42 52 54 58 65 75 84 87 94 95

$clones[[19]]
integer(0)


$llh
[1] -1415.24

